A: 0.0034893104543496194 +/- 2.47e-06
A_2: 0.08914142788610661 +/- 0.00703
c: -0.08516609968931096 +/- 0.00703
f: 9999.146231791636 +/- 0.0396
f_2: 9.971849473825564 +/- 0.417
phi: 1.5685129166341518 +/- 0.00143
phi_2: -0.007022784862852486 +/- 0.0007
