A: 0.0017444459226669555 +/- 1.56e-07
c: 0.0017418015504670873 +/- 1.1e-07
f: 4999.666891716537 +/- 0.0289
phi: 1.5690163856175765 +/- 0.000202
