A: 0.0034902096523828086 +/- 4.49e-07
c: 0.0034837127293166096 +/- 3.17e-07
f: 9999.301168500158 +/- 0.0833
phi: 1.5685517510055809 +/- 0.000291
