A: 0.000348987800777138 +/- 5.34e-09
c: 0.00034832628867867427 +/- 3.77e-09
f: 999.8934435762342 +/- 0.00099
phi: -4.713397125581503 +/- 3.46e-05
