A: 0.00349020966190986 +/- 4.49e-07
c: 0.003483712726660894 +/- 3.17e-07
f: 9999.30117354413 +/- 0.0833
phi: 1.5685517671362086 +/- 0.000291
